0.000000000000000000e+00 0.000000000000000000e+00 6.400000000000000000e+01 0.000000000000000000e+00 0.000000000000000000e+00 0.000000000000000000e+00 0.000000000000000000e+00 0.000000000000000000e+00 0.000000000000000000e+00 0.000000000000000000e+00 0.000000000000000000e+00 0.000000000000000000e+00 0.000000000000000000e+00 0.000000000000000000e+00 0.000000000000000000e+00 0.000000000000000000e+00
0.000000000000000000e+00 0.000000000000000000e+00 2.550000000000000000e+02 2.550000000000000000e+02 0.000000000000000000e+00 0.000000000000000000e+00 0.000000000000000000e+00 0.000000000000000000e+00 0.000000000000000000e+00 0.000000000000000000e+00 0.000000000000000000e+00 0.000000000000000000e+00 5.400000000000000000e+01 0.000000000000000000e+00 0.000000000000000000e+00 0.000000000000000000e+00
0.000000000000000000e+00 0.000000000000000000e+00 0.000000000000000000e+00 5.400000000000000000e+01 0.000000000000000000e+00 0.000000000000000000e+00 0.000000000000000000e+00 0.000000000000000000e+00 0.000000000000000000e+00 0.000000000000000000e+00 0.000000000000000000e+00 0.000000000000000000e+00 0.000000000000000000e+00 0.000000000000000000e+00 0.000000000000000000e+00 0.000000000000000000e+00
0.000000000000000000e+00 1.510000000000000000e+02 0.000000000000000000e+00 0.000000000000000000e+00 2.550000000000000000e+02 5.400000000000000000e+01 2.550000000000000000e+02 2.550000000000000000e+02 2.550000000000000000e+02 0.000000000000000000e+00 2.550000000000000000e+02 0.000000000000000000e+00 0.000000000000000000e+00 0.000000000000000000e+00 0.000000000000000000e+00 1.510000000000000000e+02
0.000000000000000000e+00 1.510000000000000000e+02 0.000000000000000000e+00 1.180000000000000000e+02 2.550000000000000000e+02 2.550000000000000000e+02 2.550000000000000000e+02 2.550000000000000000e+02 2.550000000000000000e+02 2.550000000000000000e+02 2.550000000000000000e+02 2.550000000000000000e+02 6.400000000000000000e+01 0.000000000000000000e+00 0.000000000000000000e+00 0.000000000000000000e+00
0.000000000000000000e+00 2.550000000000000000e+02 0.000000000000000000e+00 2.550000000000000000e+02 0.000000000000000000e+00 2.550000000000000000e+02 2.550000000000000000e+02 2.550000000000000000e+02 2.550000000000000000e+02 2.550000000000000000e+02 2.550000000000000000e+02 2.550000000000000000e+02 0.000000000000000000e+00 0.000000000000000000e+00 6.400000000000000000e+01 2.550000000000000000e+02
0.000000000000000000e+00 8.400000000000000000e+01 2.040000000000000000e+02 2.550000000000000000e+02 0.000000000000000000e+00 9.400000000000000000e+01 2.550000000000000000e+02 2.550000000000000000e+02 2.550000000000000000e+02 2.550000000000000000e+02 2.550000000000000000e+02 0.000000000000000000e+00 0.000000000000000000e+00 0.000000000000000000e+00 0.000000000000000000e+00 2.250000000000000000e+02
0.000000000000000000e+00 4.600000000000000000e+01 2.380000000000000000e+02 2.550000000000000000e+02 2.550000000000000000e+02 2.010000000000000000e+02 1.790000000000000000e+02 2.550000000000000000e+02 2.550000000000000000e+02 2.550000000000000000e+02 2.550000000000000000e+02 1.910000000000000000e+02 2.550000000000000000e+02 0.000000000000000000e+00 0.000000000000000000e+00 1.510000000000000000e+02
0.000000000000000000e+00 2.600000000000000000e+01 1.300000000000000000e+01 2.550000000000000000e+02 2.550000000000000000e+02 2.550000000000000000e+02 1.730000000000000000e+02 1.930000000000000000e+02 2.550000000000000000e+02 2.550000000000000000e+02 0.000000000000000000e+00 0.000000000000000000e+00 0.000000000000000000e+00 5.800000000000000000e+01 2.600000000000000000e+01 2.290000000000000000e+02
0.000000000000000000e+00 0.000000000000000000e+00 1.300000000000000000e+01 2.550000000000000000e+02 2.550000000000000000e+02 2.550000000000000000e+02 1.910000000000000000e+02 2.550000000000000000e+02 2.550000000000000000e+02 1.910000000000000000e+02 0.000000000000000000e+00 0.000000000000000000e+00 4.600000000000000000e+01 5.800000000000000000e+01 2.700000000000000000e+01 9.100000000000000000e+01
0.000000000000000000e+00 1.500000000000000000e+01 0.000000000000000000e+00 0.000000000000000000e+00 2.550000000000000000e+02 2.550000000000000000e+02 2.550000000000000000e+02 1.910000000000000000e+02 0.000000000000000000e+00 0.000000000000000000e+00 0.000000000000000000e+00 0.000000000000000000e+00 0.000000000000000000e+00 5.800000000000000000e+01 5.800000000000000000e+01 2.300000000000000000e+01
5.800000000000000000e+01 5.800000000000000000e+01 5.800000000000000000e+01 5.800000000000000000e+01 2.550000000000000000e+02 2.550000000000000000e+02 2.550000000000000000e+02 2.550000000000000000e+02 2.550000000000000000e+02 0.000000000000000000e+00 0.000000000000000000e+00 0.000000000000000000e+00 0.000000000000000000e+00 0.000000000000000000e+00 5.800000000000000000e+01 0.000000000000000000e+00
5.800000000000000000e+01 5.800000000000000000e+01 5.800000000000000000e+01 5.800000000000000000e+01 2.500000000000000000e+01 2.550000000000000000e+02 2.550000000000000000e+02 2.550000000000000000e+02 2.550000000000000000e+02 0.000000000000000000e+00 0.000000000000000000e+00 5.800000000000000000e+01 5.800000000000000000e+01 0.000000000000000000e+00 0.000000000000000000e+00 2.000000000000000000e+01
5.800000000000000000e+01 5.800000000000000000e+01 5.800000000000000000e+01 5.800000000000000000e+01 5.800000000000000000e+01 5.800000000000000000e+01 5.800000000000000000e+01 5.800000000000000000e+01 5.800000000000000000e+01 5.800000000000000000e+01 5.800000000000000000e+01 5.800000000000000000e+01 5.800000000000000000e+01 5.000000000000000000e+01 0.000000000000000000e+00 0.000000000000000000e+00
5.800000000000000000e+01 5.800000000000000000e+01 5.800000000000000000e+01 5.800000000000000000e+01 5.800000000000000000e+01 5.800000000000000000e+01 5.800000000000000000e+01 5.800000000000000000e+01 5.800000000000000000e+01 5.800000000000000000e+01 5.800000000000000000e+01 5.800000000000000000e+01 5.800000000000000000e+01 2.500000000000000000e+01 0.000000000000000000e+00 1.100000000000000000e+01
5.800000000000000000e+01 5.800000000000000000e+01 5.800000000000000000e+01 5.800000000000000000e+01 0.000000000000000000e+00 0.000000000000000000e+00 5.800000000000000000e+01 5.800000000000000000e+01 5.800000000000000000e+01 5.800000000000000000e+01 3.500000000000000000e+01 5.800000000000000000e+01 5.800000000000000000e+01 5.800000000000000000e+01 2.300000000000000000e+01 0.000000000000000000e+00
